571.167 168.972 571.795 170.181
571.167 168.972 571.795 170.181
546.735 250.52 545.881 254.504
237.54 263.424 236.341 265.455
263.82 270.267 261.614 272.472
381.322 270.464 379.457 272.587
275.933 271.741 274.767 274.078
275.933 271.741 274.767 274.078
396.603 277.175 394.769 279.766
409.386 285.917 407.463 288.643
453.9 304.492 452.206 309.387
417.455 323.386 416.391 325.891
323.85 335.813 319.813 342.226
239.243 350.943 234.097 355.65
376.639 350.45 372.359 355.423
408.549 236.751 408.523 238.53
476.018 227.477 475.844 229.331
406.198 241.473 406.73 243.861
220.928 257.369 219.516 262.645
266.266 260.444 263.752 263.147
382.012 261.06 380.967 265.352
237.54 263.424 236.363 266.094
384.911 263.795 383.686 268.47
246.176 270.286 244.117 273.012
276.044 270.08 273.872 272.969
396.603 277.175 395.685 280.143
286.615 278.355 283.805 282.727
415.196 307.73 414.735 310.853
457.819 310.444 457.018 314.943
415.429 316.194 413.435 318.679
409.677 330.6 406.526 334.895
224.52 337.612 218.865 344.624
327.125 340.319 324.403 345.062
279.831 351.623 274.937 355.597
335.568 350.376 331.507 355.54
335.568 350.376 331.507 355.54
279.831 351.623 274.937 355.597
376.639 350.45 373.869 355.211
476.99 227.457 476.866 229.596
428.232 248.729 427.784 251.047
428.232 248.729 427.784 251.047
383.384 257.646 383.651 261.642
253.411 260.405 252.059 264.004
266.266 260.444 264.857 263.921
233.091 261.349 231.994 264.866
384.836 264.359 384.256 266.792
246.626 269.545 244.432 273.142
266.293 271.431 263.866 274.78
413.975 328.156 411.614 330.633
409.677 330.6 407.461 333.632
381.73 335.818 379.463 342.636
224.52 337.612 218.342 343.252
378.591 342.603 375.778 348.249
280.04 350.884 275.298 355.302
280.04 350.884 275.298 355.302
331.912 351.989 327.787 355.695
331.379 358.838 326.172 363.658
491.072 168.069 490.96 151.287
498.464 161.024 498.175 144.827
491.072 168.069 490.96 151.287
469.216 187.391 468.773 172.131
190.466 195.747 193.528 175.975
385.71 374.897 382.798 386.418
391.2 168.083 392.504 148.512
494.463 177.427 494.26 159.486
484.036 180.995 483.81 164.912
476.79 180.999 476.479 164.976
544.016 182.188 544.176 167.38
184.364 235.698 183.998 217.617
174.794 261.101 174.201 248.062
246.236 351.493 240.329 354.168
246.236 351.493 240.329 354.168
382.326 369.857 379.983 380.23
237.147 361.179 231.635 365.273
393.613 375.252 391.059 385.21
492.967 171.136 493.014 153.495
